-0.104486269255349 -0.0581733389805704 -0.0271500292169345 -0.17510789976854 -0.0862545621006047
-0.154340137618399 -0.137659998878677 -0.16146714963031 -0.192592450167964 -0.144621806735092
-0.109201446126415 -0.165511195577026 -0.0598048936781311 -0.0473935718012922 -0.0972247181261708
-0.158038076293204 -0.103446080208486 -0.066047354477009 -0.152162669043799 -0.138338915969057
-0.146487401241797 0.0160595756802711 -0.125652786849306 -0.129922250629207 -0.126607422091302
-0.161135853186294 -0.111895541390181 -0.146510419592508 -0.115379802979163 -0.0500378448321431
-0.0358940130157958 -0.0969749608343359 -0.171622360630893 -0.116548341971864 -0.158133787726576
-0.0943212212885267 -0.172075537826238 -0.110672889368818 -0.072894121375757 -0.150393438920445
-0.109498293579794 -0.0691255399189429 -0.176326464522771 -0.0626556825408481 -0.179414404727137
-0.12830891120491 -0.175573018887827 -0.127859251980821 -0.183476603627498 -0.144629386374861
